,0,1,2,3,4,ano
0,Município,ibge,latitude,longitude,/Energia Elétr...a/Consumo/Total 2007 (MWh),2007
1,Água Santa,4300059,-28.167200000000,-52.030999999990,2.025,2007
2,Agudo,4300109,-29.644700000000,-53.251500000000,55.546,2007
3,Ajuricaba,4300208,-28.234200000000,-53.775700000000,4.378,2007
4,Alecrim,4300307,-27.657900000000,-54.764899999990,2.829,2007
5,Alegrete,4300406,-29.790199999990,-55.794899999990,159.615,2007
6,Alegria,4300455,-27.834499999990,-54.055700000000,2.651,2007
7,Alpestre,4300505,-27.250200000000,-53.034100000000,8.238,2007
8,Alto Feliz,4300570,-29.391900000000,-51.312300000000,4.022,2007
9,Alvorada,4300604,-29.991399999990,-51.080900000000,146.585,2007
10,Amaral Ferrador,4300638,-30.875599999990,-52.250999999990,3.205,2007
11,Ametista do Sul,4300646,-27.360700000000,-53.183000000000,11.959,2007
12,André da Rocha,4300661,-28.628299999990,-51.579700000000,2.522,2007
13,Anta Gorda,4300703,-28.969799999990,-52.010199999990,10.867,2007
14,Antônio Prado,4300802,-28.856500000000,-51.288300000000,36.527,2007
15,Arambaré,4300851,-30.909300000000,-51.504600000000,9.324,2007
16,Araricá,4300877,-29.616800000000,-50.929099999990,9.199,2007
17,Aratiba,4300901,-27.397800000000,-52.297499999990,9.614,2007
18,Arroio do Meio,4301008,-29.401399999990,-51.955700000000,79.347,2007
19,Arroio do Padre,4301073,-31.431600000000,-52.417099999990,2.423,2007
20,Arroio do Sal,4301057,-29.543900000000,-49.889499999990,17.551,2007
21,Arroio do Tigre,4301206,-29.334800000000,-53.096600000000,20.400,2007
22,Arroio dos Ratos,4301107,-30.087500000000,-51.727499999990,20.222,2007
23,Arroio Grande,4301305,-32.232700000000,-53.086199999990,34.148,2007
24,Arvorezinha,4301404,-28.873699999990,-52.178100000000,13.030,2007
25,Augusto Pestana,4301503,-28.517299999990,-53.988300000000,3.972,2007
26,Áurea,4301552,-27.693600000000,-52.050500000000,3.648,2007
27,Bagé,4301602,-31.329699999990,-54.099899999990,127.639,2007
28,Balneário Pinhal,4301636,-30.241900000000,-50.233600000000,18.144,2007
29,Barão,4301651,-29.372500000000,-51.494900000000,877,2007
30,Barão de Cotegipe,4301701,-27.620799999990,-52.379800000000,7.280,2007
31,Barão do Triunfo,4301750,-30.389099999990,-51.738399999990,1.663,2007
32,Barra do Guarita,4301859,-27.192699999990,-53.710900000000,2.234,2007
33,Barra do Quaraí,4301875,-30.202900000000,-57.549700000000,22.991,2007
34,Barra do Ribeiro,4301909,-30.293900000000,-51.301400000000,17.784,2007
35,Barra do Rio Azul,4301925,-27.406800000000,-52.408400000000,2.262,2007
36,Barra Funda,4301958,-27.920500000000,-53.039099999990,6.023,2007
37,Barracão,4301800,-27.673900000000,-51.458599999990,5.269,2007
38,Barros Cassal,4302006,-29.094700000000,-52.583599999990,8.116,2007
39,Benjamin Constant do Sul,4302055,-27.508600000000,-52.599499999990,1.241,2007
40,Bento Gonçalves,4302105,-29.166200000000,-51.516500000000,339.746,2007
41,Boa Vista das Missões,4302154,-27.667100000000,-53.310200000000,69,2007
42,Boa Vista do Buricá,4302204,-27.669300000000,-54.108199999990,9.612,2007
43,Boa Vista do Cadeado,4302220,-28.571600000000,-53.813800000000,1.571,2007
44,Boa Vista do Sul,4302253,-29.354399999990,-51.668700000000,4.298,2007
45,Bom Jesus,4302303,-28.669699999990,-50.429499999990,10.715,2007
46,Bom Princípio,4302352,-29.485600000000,-51.354799999990,39.829,2007
47,Bom Progresso,4302378,-27.539899999990,-53.871600000000,2.508,2007
48,Bom Retiro do Sul,4302402,-29.608599999990,-51.946399999990,20.758,2007
49,Boqueirão do Leão,4302451,-29.304600000000,-52.428400000000,783,2007
50,Bossoroca,4302501,-28.729099999990,-54.903500000000,188,2007
51,Bozano,4302584,-28.367460000000,-53.772239999990,11,2007
52,Braga,4302600,-27.617300000000,-53.740499999990,2.779,2007
53,Brochier,4302659,-29.550100000000,-51.594499999990,6.605,2007
54,Butiá,4302709,-30.117899999990,-51.960099999990,31.209,2007
55,Caçapava do Sul,4302808,-30.514399999990,-53.482700000000,50.666,2007
56,Cacequi,4302907,-29.888300000000,-54.822000000000,15.353,2007
57,Cachoeira do Sul,4303004,-30.033000000000,-52.892800000000,126.652,2007
58,Cachoeirinha,4303103,-29.947199999990,-51.101599999990,281.750,2007
59,Cacique Doble,4303202,-27.766999999990,-51.659700000000,3.604,2007
60,Caiçara,4303400,-27.279100000000,-53.425699999990,4.213,2007
61,Camaquã,4303509,-30.848900000000,-51.804299999990,135.065,2007
62,Camargo,4303558,-28.588000000000,-52.200299999990,3.960,2007
63,Cambará do Sul,4303608,-29.047400000000,-50.146500000000,13.581,2007
64,Campestre da Serra,4303673,-28.792600000000,-51.094099999990,4.039,2007
65,Campina das Missões,4303707,-27.988800000000,-54.841700000000,2.829,2007
66,Campinas do Sul,4303806,-27.717400000000,-52.624800000000,6.065,2007
67,Campo Bom,4303905,-29.674700000000,-51.060600000000,187.092,2007
68,Campo Novo,4304002,-27.679200000000,-53.805199999990,6.935,2007
69,Candelária,4304200,-29.668399999990,-52.789499999990,44.348,2007
70,Cândido Godói,4304309,-27.951499999990,-54.751700000000,10.117,2007
71,Candiota,4304358,-31.551500000000,-53.677300000000,59.869,2007
72,Canela,4304408,-29.356000000000,-50.811900000000,74.567,2007
73,Canguçu,4304507,-31.396000000000,-52.678199999990,35.381,2007
74,Canoas,4304606,-29.912800000000,-51.185699999990,606.592,2007
75,Capão Bonito do Sul,4304622,-29.764199999990,-50.028199999990,2.094,2007
76,Capão da Canoa,4304630,-29.639700000000,-49.959899999990,77.160,2007
77,Capão do Cipó,4304655,-28.904000000000,-54.700000000000,3.166,2007
78,Capão do Leão,4304663,-31.756499999990,-52.488900000000,52.463,2007
79,Capela de Santana,4304689,-29.696100000000,-51.328000000000,12.177,2007
80,Capitão,4304697,-29.267399999990,-51.985300000000,111,2007
81,Capivari do Sul,4304671,-30.138200000000,-50.515099999990,21.812,2007
82,Caraá,4304713,-29.786899999990,-50.431600000000,6.938,2007
83,Carazinho,4304705,-28.295800000000,-52.793300000000,146.512,2007
84,Carlos Barbosa,4304804,-29.296900000000,-51.502899999990,138.565,2007
85,Carlos Gomes,4304853,-27.716699999990,-51.912100000000,1.283,2007
86,Casca,4304903,-28.560500000000,-51.981499999990,23.054,2007
87,Caseiros,4304952,-28.258199999990,-51.686100000000,2.720,2007
88,Catuípe,4305009,-28.255400000000,-54.013199999990,6.671,2007
89,Caxias do Sul,4305108,-29.162900000000,-51.179200000000,1.358.043,2007
90,Centenário,4305116,-27.761600000000,-51.998399999990,2.320,2007
91,Cerrito,4305124,-31.841899999990,-52.800400000000,5.537,2007
92,Cerro Branco,4305132,-29.657000000000,-52.940600000000,100,2007
93,Cerro Grande,4305157,-27.610600000000,-53.167200000000,72,2007
94,Cerro Grande do Sul,4305173,-30.590499999990,-51.741799999990,6.609,2007
95,Cerro Largo,4305207,-28.146200000000,-54.742800000000,30.830,2007
96,Charqueadas,4305355,-29.962500000000,-51.628900000000,403.437,2007
97,Charrua,4305371,-27.949300000000,-52.015000000000,954,2007
98,Chiapetta,4305405,-27.922999999990,-53.941899999990,2.712,2007
99,Chuí,4305439,-33.686599999990,-53.459400000000,8.190,2007
100,Chuvisca,4305447,-30.750399999990,-51.973700000000,3.631,2007
101,Cidreira,4305454,-30.160399999990,-50.233800000000,25.309,2007
102,Ciríaco,4305504,-28.341899999990,-51.874099999990,9.760,2007
103,Colinas,4305587,-29.381499999990,-51.852600000000,4.226,2007
104,Constantina,4305801,-27.731999999990,-52.993800000000,10.899,2007
105,Coqueiro Baixo,4305835,-29.172200000000,-52.098900000000,1.036,2007
106,Coronel Bicaco,4305900,-27.719700000000,-53.702199999990,6.992,2007
107,Coronel Pilar,4305934,-29.268400000000,-51.687899999990,1.307,2007
108,Cotiporã,4305959,-28.989100000000,-51.697099999990,13.338,2007
109,Coxilha,4305975,-28.128000000000,-52.302300000000,3.223,2007
110,Crissiumal,4306007,-27.499900000000,-54.099400000000,17.920,2007
111,Cristal,4306056,-31.004600000000,-52.043599999990,8.943,2007
112,Cristal do Sul,4306072,-27.452000000000,-53.242199999990,263,2007
113,Cruz Alta,4306106,-28.645000000000,-53.604799999990,102.650,2007
114,Cruzaltense,4306130,-27.664400000000,-52.649200000000,3.276,2007
115,Cruzeiro do Sul,4306205,-29.514800000000,-51.992800000000,26.568,2007
116,David Canabarro,4306304,-28.384899999990,-51.848199999990,2.720,2007
117,Derrubadas,4306320,-27.264199999990,-53.864500000000,2.883,2007
118,Dezesseis de Novembro,4306353,-28.219000000000,-55.061700000000,2.623,2007
119,Dilermando de Aguiar,4306379,-29.705400000000,-54.212200000000,3.842,2007
120,Dois Irmãos,4306403,-29.583600000000,-51.089799999990,59.806,2007
121,Dois Irmãos das Missões,4306429,-27.662099999990,-53.530400000000,16.237,2007
122,Dois Lajeados,4306452,-28.983000000000,-51.839599999990,20.224,2007
123,Dom Feliciano,4306502,-30.700399999990,-52.102600000000,8.615,2007
124,Dom Pedrito,4306601,-30.975600000000,-54.669400000000,58.869,2007
125,Dom Pedro de Alcântara,4306551,-29.363900000000,-49.853000000000,3.605,2007
126,Doutor Maurício Cardoso,4306734,-27.510300000000,-54.357799999990,5.687,2007
127,Doutor Ricardo,4306759,-29.084000000000,-51.997100000000,3.548,2007
128,Eldorado do Sul,4306767,-30.084700000000,-51.618699999990,70.396,2007
129,Encantado,4306809,-29.235099999990,-51.870300000000,62.747,2007
130,Encruzilhada do Sul,4306908,-30.542999999990,-52.520400000000,21.038,2007
131,Engenho Velho,4306924,-27.706000000000,-52.914499999990,1.541,2007
132,Entre Rios do Sul,4306957,-27.529800000000,-52.734699999990,3.163,2007
133,Entre-ijuís,4306932,-28.368600000000,-54.268599999990,9.656,2007
134,Erebango,4306973,-27.854399999990,-52.300500000000,3.792,2007
135,Erechim,4307005,-27.636399999990,-52.269700000000,204.882,2007
136,Ernestina,4307054,-28.497699999990,-52.583599999990,3.491,2007
137,Erval Grande,4307203,-27.392600000000,-52.573999999990,5.584,2007
138,Erval Seco,4307302,-27.544300000000,-53.500500000000,6.094,2007
139,Esmeralda,4307401,-28.051800000000,-51.193300000000,3.350,2007
140,Esperança do Sul,4307450,-27.360299999990,-53.989100000000,2.923,2007
141,Espumoso,4307500,-28.728600000000,-52.846100000000,15.289,2007
142,Estação,4307559,-27.913499999990,-52.263500000000,20.232,2007
143,Estância Velha,4307609,-29.653500000000,-51.184300000000,117.333,2007
144,Esteio,4307708,-29.852000000000,-51.184100000000,230.459,2007
145,Estrela,4307807,-29.501600000000,-51.960500000000,70.761,2007
146,Estrela Velha,4307815,-29.171299999990,-53.163899999990,42,2007
147,Eugênio de Castro,4307831,-28.531500000000,-54.150599999990,3.389,2007
148,Fagundes Varela,4307864,-28.879400000000,-51.701400000000,5.412,2007
149,Farroupilha,4307906,-29.222700000000,-51.341900000000,175.920,2007
150,Faxinal do Soturno,4308003,-29.578800000000,-53.448399999990,35.902,2007
151,Faxinalzinho,4308052,-27.423800000000,-52.678899999990,2.093,2007
152,Fazenda Vilanova,4308078,-29.588500000000,-51.821700000000,12.712,2007
153,Feliz,4308102,-29.452700000000,-51.303199999990,27.810,2007
154,Flores da Cunha,4308201,-29.026199999990,-51.187500000000,73.864,2007
155,Formigueiro,4308409,-30.003499999990,-53.495899999990,8.158,2007
156,Fortaleza dos Valos,4308458,-28.798600000000,-53.224899999990,3.007,2007
157,Frederico Westphalen,4308508,-27.358599999990,-53.395800000000,52.611,2007
158,Garibaldi,4308607,-29.259000000000,-51.535200000000,117.291,2007
159,Garruchos,4308656,-28.194400000000,-55.638300000000,2.999,2007
160,Gaurama,4308706,-27.585599999990,-52.091500000000,11.748,2007
161,General Câmara,4308805,-29.903199999990,-51.761200000000,6.875,2007
162,Gentil,4308854,-28.431600000000,-52.033700000000,1.017,2007
163,Getúlio Vargas,4308904,-27.891100000000,-52.229399999990,24.545,2007
164,Giruá,4309001,-28.029699999990,-54.351700000000,23.577,2007
165,Glorinha,4309050,-29.879799999990,-50.773400000000,10.213,2007
166,Gramado,4309100,-29.373300000000,-50.876199999990,78.875,2007
167,Gramado dos Loureiros,4309126,-27.442900000000,-52.914900000000,780,2007
168,Gramado Xavier,4309159,-29.270600000000,-52.579500000000,1.035,2007
169,Gravataí,4309209,-29.941299999990,-50.986899999990,735.072,2007
170,Guabiju,4309258,-28.542100000000,-51.694800000000,2.789,2007
171,Guaíba,4309308,-30.108599999990,-51.323300000000,386.443,2007
172,Guaporé,4309407,-28.839900000000,-51.889499999990,42.072,2007
173,Guarani das Missões,4309506,-28.149100000000,-54.562899999990,12.716,2007
174,Harmonia,4309555,-29.545600000000,-51.418500000000,8.912,2007
175,Herval,4307104,-32.024000000000,-53.394399999990,4.871,2007
176,Herveiras,4309571,-29.455200000000,-52.655299999990,1.961,2007
177,Horizontina,4309605,-27.628200000000,-54.305300000000,50.775,2007
178,Hulha Negra,4309654,-31.406700000000,-53.866700000000,23.772,2007
179,Humaitá,4309704,-27.569099999990,-53.969499999990,7.103,2007
180,Ibarama,4309753,-29.420300000000,-53.129500000000,3.839,2007
181,Ibiraiaras,4309902,-28.374099999990,-51.637700000000,7.852,2007
182,Ibirapuitã,4309951,-28.624700000000,-52.515799999990,4.172,2007
183,Ibirubá,4310009,-28.630199999990,-53.096100000000,42.427,2007
184,Igrejinha,4310108,-29.569299999990,-50.791899999990,71.771,2007
185,Ijuí,4310207,-28.388100000000,-53.920000000000,88.902,2007
186,Ilópolis,4310306,-28.928200000000,-52.125799999990,5.053,2007
187,Imbé,4310330,-29.975300000000,-50.128100000000,42.118,2007
188,Imigrante,4310363,-29.350800000000,-51.774700000000,13.093,2007
189,Independência,4310405,-27.835400000000,-54.188600000000,5.409,2007
190,Inhacorá,4310413,-27.875200000000,-54.015000000000,1.024,2007
191,Ipê,4310439,-28.817100000000,-51.285899999990,9.299,2007
192,Ipiranga do Sul,4310462,-27.940400000000,-52.427100000000,2.153,2007
193,Iraí,4310504,-27.195100000000,-53.254300000000,6.493,2007
194,Itaara,4310538,-29.601299999990,-53.772500000000,7.837,2007
195,Itacurubi,4310553,-28.791300000000,-55.244700000000,5.335,2007
196,Itapuca,4310579,-28.776800000000,-52.169300000000,170,2007
197,Itaqui,4310603,-29.131000000000,-56.551499999990,129.093,2007
198,Itati,4310652,-29.488320000000,-50.113579999990,2.548,2007
199,Itatiba do Sul,4310702,-27.384599999990,-52.453800000000,3.591,2007
200,Ivorá,4310751,-29.523199999990,-53.584200000000,658,2007
201,Ivoti,4310801,-29.599499999990,-51.153300000000,50.541,2007
202,Jacutinga,4310900,-27.729099999990,-52.537199999990,5.172,2007
203,Jaguarão,4311007,-32.560400000000,-53.377000000000,36.277,2007
204,Jaguari,4311106,-29.493600000000,-54.703000000000,14.180,2007
205,Jaquirana,4311122,-28.881100000000,-50.363700000000,4.437,2007
206,Jari,4311130,-29.292200000000,-54.223700000000,1.012,2007
207,Jóia,4311155,-28.643500000000,-54.114100000000,5.768,2007
208,Júlio de Castilhos,4311205,-29.229800000000,-53.677199999990,27.964,2007
209,Lagoa Bonita do Sul,4311239,-29.488199999990,-53.013800000000,2.833,2007
210,Lagoa dos Três Cantos,4311270,-28.567599999990,-52.861800000000,1.272,2007
211,Lagoa Vermelha,4311304,-28.209299999990,-51.524799999990,39.087,2007
212,Lagoão,4311254,-29.234800000000,-52.799700000000,780,2007
213,Lajeado,4311403,-29.459099999990,-51.964399999990,423.035,2007
214,Lajeado do Bugre,4311429,-27.691299999990,-53.181800000000,338,2007
215,Lavras do Sul,4311502,-30.807099999990,-53.893099999990,6.931,2007
216,Liberato Salzano,4311601,-27.600999999990,-53.075299999990,4.701,2007
217,Lindolfo Collor,4311627,-29.585899999990,-51.214100000000,19.178,2007
218,Linha Nova,4311643,-29.467900000000,-51.200299999990,1.773,2007
219,Maçambará,4311718,-29.144500000000,-56.067399999990,12.477,2007
220,Machadinho,4311700,-27.566700000000,-51.666800000000,5.383,2007
221,Mampituba,4311734,-29.213600000000,-49.931100000000,2.038,2007
222,Manoel Viana,4311759,-29.585899999990,-55.484099999990,8.503,2007
223,Maquiné,4311775,-29.679800000000,-50.207900000000,11.766,2007
224,Maratá,4311791,-29.545700000000,-51.557299999990,3.931,2007
225,Marau,4311809,-28.449800000000,-52.198599999990,166.336,2007
226,Marcelino Ramos,4311908,-27.467600000000,-51.909500000000,8.718,2007
227,Mariana Pimentel,4311981,-30.353100000000,-51.580300000000,3.254,2007
228,Mariano Moro,4312005,-27.356800000000,-52.146700000000,2.899,2007
229,Mata,4312104,-29.564900000000,-54.464100000000,5.843,2007
230,Mato Leitão,4312153,-29.528500000000,-52.127800000000,7.703,2007
231,Maximiliano de Almeida,4312203,-27.632500000000,-51.802100000000,4.835,2007
232,Minas do Leão,4312252,-30.134599999990,-52.042299999990,9.891,2007
233,Miraguaí,4312302,-27.497000000000,-53.689100000000,4.970,2007
234,Montauri,4312351,-28.646200000000,-52.076700000000,1.728,2007
235,Monte Alegre dos Campos,4312377,-28.680499999990,-50.783400000000,1.817,2007
236,Monte Belo do Sul,4312385,-29.160699999990,-51.633299999990,7.491,2007
237,Montenegro,4312401,-29.682400000000,-51.467900000000,175.238,2007
238,Mormaço,4312427,-28.696800000000,-52.699900000000,1.675,2007
239,Morrinhos do Sul,4312443,-29.357800000000,-49.932800000000,3.682,2007
240,Morro Redondo,4312450,-31.588699999990,-52.626100000000,7.958,2007
241,Morro Reuter,4312476,-29.537900000000,-51.081099999990,14.236,2007
242,Mostardas,4312500,-31.105399999990,-50.916699999990,29.806,2007
243,Muçum,4312609,-29.163000000000,-51.871400000000,14.917,2007
244,Muitos Capões,4312617,-28.313199999990,-51.183599999990,5.074,2007
245,Muliterno,4312625,-28.325299999990,-51.769700000000,247,2007
246,Não-Me-Toque,4312658,-28.454799999990,-52.818199999990,33.252,2007
247,Nonoai,4312708,-27.368900000000,-52.775599999990,11.025,2007
248,Nova Alvorada,4312757,-28.682200000000,-52.163100000000,5.530,2007
249,Nova Araçá,4312807,-28.653700000000,-51.745800000000,23.908,2007
250,Nova Bassano,4312906,-28.729099999990,-51.707200000000,33.056,2007
251,Nova Boa Vista,4312955,-27.992599999990,-52.978400000000,2.856,2007
252,Nova Bréscia,4313003,-29.218200000000,-52.031900000000,7.956,2007
253,Nova Candelária,4313011,-27.613700000000,-54.107399999990,4.862,2007
254,Nova Esperança do Sul,4313037,-29.406600000000,-54.829300000000,11.797,2007
255,Nova Hartz,4313060,-29.580700000000,-50.905099999990,28.678,2007
256,Nova Pádua,4313086,-29.027500000000,-51.309800000000,3.987,2007
257,Nova Palma,4313102,-29.471000000000,-53.468899999990,1,2007
258,Nova Petrópolis,4313201,-29.374099999990,-51.113500000000,43.920,2007
259,Nova Prata,4313300,-28.779900000000,-51.611300000000,122.733,2007
260,Nova Roma do Sul,4313359,-28.988199999990,-51.409500000000,21.400,2007
261,Nova Santa Rita,4313375,-29.852499999990,-51.283700000000,40.920,2007
262,Novo Barreiro,4313490,-27.907699999990,-53.110300000000,2.819,2007
263,Novo Cabrais,4313391,-29.733799999990,-52.948900000000,592,2007
264,Novo Hamburgo,4313409,-29.687600000000,-51.132800000000,596.781,2007
265,Novo Machado,4313425,-27.576499999990,-54.503599999990,5.268,2007
266,Novo Xingu,4313466,-27.743099999990,-53.061599999990,1.678,2007
267,Osório,4313508,-29.888100000000,-50.266700000000,88.918,2007
268,Paim Filho,4313607,-27.707500000000,-51.762999999990,4.911,2007
269,Palmares do Sul,4313656,-30.253499999990,-50.510300000000,36.841,2007
270,Palmeira das Missões,4313706,-27.900600000000,-53.313400000000,44.374,2007
271,Palmitinho,4313805,-27.359600000000,-53.558000000000,6.870,2007
272,Panambi,4313904,-28.283300000000,-53.502299999990,78.877,2007
273,Pantano Grande,4313953,-30.190100000000,-52.372900000000,17.227,2007
274,Paraí,4314001,-28.596399999990,-51.789600000000,19.226,2007
275,Paraíso do Sul,4314027,-29.671700000000,-53.143999999990,10.197,2007
276,Pareci Novo,4314035,-29.636500000000,-51.397399999990,5.653,2007
277,Parobé,4314050,-29.624300000000,-50.831200000000,84.387,2007
278,Passa Sete,4314068,-29.457699999990,-52.959899999990,3.671,2007
279,Passo do Sobrado,4314076,-29.748000000000,-52.274799999990,9.954,2007
280,Passo Fundo,4314100,-28.257600000000,-52.409100000000,366.115,2007
281,Paulo Bento,4314134,-27.697800000000,-52.426099999990,10.457,2007
282,Paverama,4314159,-29.548500000000,-51.733899999990,4.643,2007
283,Pedras Altas,4314175,-31.721699999990,-53.583799999990,2.409,2007
284,Pedro Osório,4314209,-31.864200000000,-52.818399999990,7.701,2007
285,Pejuçara,4314308,-28.428300000000,-53.657899999990,3.932,2007
286,Pelotas,4314407,-31.764900000000,-52.337100000000,475.577,2007
287,Picada Café,4314423,-29.446400000000,-51.136699999990,15.943,2007
288,Pinhal da Serra,4314464,-27.863399999990,-51.170200000000,1.528,2007
289,Pinhal Grande,4314472,-29.344999999990,-53.320700000000,3.739,2007
290,Pinheirinho do Vale,4314498,-27.210899999990,-53.607999999990,4.102,2007
291,Pinheiro Machado,4314506,-31.579400000000,-53.379800000000,35.528,2007
292,Pirapó,4314555,-28.043900000000,-55.200099999990,2.382,2007
293,Piratini,4314605,-31.447299999990,-53.097299999990,14.803,2007
294,Planalto,4314704,-27.329699999990,-53.057500000000,11.272,2007
295,Ponte Preta,4314787,-27.658700000000,-52.484800000000,2.876,2007
296,Portão,4314803,-29.701499999990,-51.242899999990,86.775,2007
297,Porto Alegre,4314902,-30.032778000000,-51.230000000000,3.192.501,2007
298,Porto Lucena,4315008,-27.856900000000,-55.009999999990,3.253,2007
299,Porto Mauá,4315057,-27.579599999990,-54.665700000000,2.710,2007
300,Porto Vera Cruz,4315073,-27.740500000000,-54.899400000000,986,2007
301,Porto Xavier,4315107,-27.908200000000,-55.137900000000,11.266,2007
302,Presidente Lucena,4315149,-29.517600000000,-51.179800000000,7.447,2007
303,Protásio Alves,4315172,-28.757200000000,-51.475700000000,3.495,2007
304,Putinga,4315206,-29.004500000000,-52.156900000000,5.884,2007
305,Quaraí,4315305,-30.384000000000,-56.448300000000,27.448,2007
306,Quatro Irmãos,4315313,-27.816299999990,-52.441899999990,2.108,2007
307,Quevedos,4315321,-29.350400000000,-54.078899999990,1.943,2007
308,Quinze de Novembro,4315354,-28.746500000000,-53.101100000000,2.310,2007
309,Redentora,4315404,-27.664000000000,-53.640700000000,4.928,2007
310,Relvado,4315453,-29.116399999990,-52.077800000000,2.599,2007
311,Restinga Sêca,4315503,-29.818800000000,-53.380699999990,3.421,2007
312,Rio dos Índios,4315552,-27.297300000000,-52.841700000000,2.472,2007
313,Rio Grande,4315602,-32.034900000000,-52.107100000000,445.411,2007
314,Rio Pardo,4315701,-29.988000000000,-52.371099999990,48.098,2007
315,Riozinho,4315750,-29.638999999990,-50.448799999990,7.269,2007
316,Roca Sales,4315800,-29.288399999990,-51.865800000000,31.466,2007
317,Rolador,4315958,-28.257670000000,-54.818640000000,435,2007
318,Rolante,4316006,-29.646200000000,-50.581899999990,25.711,2007
319,Ronda Alta,4316105,-27.775800000000,-52.805599999990,6.952,2007
320,Rondinha,4316204,-27.831499999990,-52.908099999990,6.215,2007
321,Roque Gonzales,4316303,-28.129700000000,-55.026600000000,5.385,2007
322,Rosário do Sul,4316402,-30.251500000000,-54.922100000000,43.993,2007
323,Sagrada Família,4316428,-27.708500000000,-53.135100000000,1.670,2007
324,Saldanha Marinho,4316436,-28.394100000000,-53.097000000000,2.420,2007
325,Salto do Jacuí,4316451,-29.095099999990,-53.213299999990,17.997,2007
326,Salvador das Missões,4316477,-28.123300000000,-54.837299999990,3.093,2007
327,Salvador do Sul,4316501,-29.438600000000,-51.507700000000,727,2007
328,Sananduva,4316600,-27.946999999990,-51.807899999990,25.669,2007
329,Santa Bárbara do Sul,4316709,-28.365300000000,-53.250999999990,12.685,2007
330,Santa Clara do Sul,4316758,-29.474699999990,-52.084299999990,190,2007
331,Santa Cruz do Sul,4316808,-29.722000000000,-52.434300000000,324.768,2007
332,Santa Margarida do Sul,4316972,-30.329599999990,-54.082299999990,2.177,2007
333,Santa Maria,4316907,-29.686800000000,-53.814999999990,411.714,2007
334,Santa Maria do Herval,4316956,-29.490200000000,-50.991900000000,10.412,2007
335,Santa Rosa,4317202,-27.870200000000,-54.479599999990,152.005,2007
336,Santa Tereza,4317251,-29.165500000000,-51.735100000000,3.338,2007
337,Santa Vitória do Palmar,4317301,-33.524999999990,-53.371699999990,80.252,2007
338,Santana da Boa Vista,4317004,-30.869700000000,-53.109999999990,4.896,2007
339,Santana do Livramento,4317103,-30.887699999990,-55.531500000000,87.120,2007
340,Santiago,4317400,-29.189699999990,-54.866599999990,52.321,2007
341,Santo Ângelo,4317509,-28.300100000000,-54.266800000000,138.520,2007
342,Santo Antônio da Patrulha,4317608,-29.826799999990,-50.517499999990,58.407,2007
343,Santo Antônio das Missões,4317707,-28.513999999990,-55.225099999990,4.084,2007
344,Santo Antônio do Palma,4317558,-28.495600000000,-52.026699999990,2.815,2007
345,Santo Augusto,4317806,-27.852599999990,-53.777600000000,15.847,2007
346,Santo Cristo,4317905,-27.826300000000,-54.661999999990,28.326,2007
347,Santo Expedito do Sul,4317954,-27.907399999990,-51.643300000000,1.374,2007
348,São Borja,4318002,-28.657800000000,-56.003599999990,139.060,2007
349,São Domingos do Sul,4318051,-28.531199999990,-51.886000000000,2.076,2007
350,São Francisco de Assis,4318101,-29.554700000000,-55.125300000000,16.720,2007
351,São Francisco de Paula,4318200,-29.440400000000,-50.582799999990,32.274,2007
352,São Gabriel,4318309,-30.333700000000,-54.321700000000,64.596,2007
353,São Jerônimo,4318408,-29.971599999990,-51.725099999990,24.429,2007
354,São João da Urtiga,4318424,-27.819500000000,-51.825699999990,3.865,2007
355,São João do Polêsine,4318432,-29.619399999990,-53.443899999990,98,2007
356,São Jorge,4318440,-28.498400000000,-51.706400000000,5.222,2007
357,São José das Missões,4318457,-27.778900000000,-53.122599999990,1.973,2007
358,São José do Hortêncio,4318481,-29.527999999990,-51.245000000000,9.597,2007
359,São José do Inhacorá,4318499,-27.725100000000,-54.127499999990,2.168,2007
360,São José do Norte,4318507,-32.015099999990,-52.033099999990,15.921,2007
361,São José do Ouro,4318606,-27.770700000000,-51.596600000000,9.428,2007
362,São José do Sul,4318614,-29.529000000000,-51.487099999990,2.703,2007
363,São José dos Ausentes,4318622,-28.747599999990,-50.067700000000,4.071,2007
364,São Leopoldo,4318705,-29.754500000000,-51.149799999990,522.700,2007
365,São Lourenço do Sul,4318804,-31.356400000000,-51.971499999990,46.436,2007
366,São Luiz Gonzaga,4318903,-28.411999999990,-54.955900000000,60.499,2007
367,São Marcos,4319000,-28.967700000000,-51.069600000000,46.595,2007
368,São Martinho,4319109,-27.711200000000,-53.969900000000,7.017,2007
369,São Martinho da Serra,4319125,-29.539700000000,-53.859000000000,5.445,2007
370,São Miguel das Missões,4319158,-28.556000000000,-54.555900000000,110,2007
371,São Nicolau,4319208,-28.183399999990,-55.265400000000,3.901,2007
372,São Paulo das Missões,4319307,-28.019500000000,-54.940399999990,5.183,2007
373,São Pedro das Missões,4319364,-27.773219999990,-53.250470000000,1.350,2007
374,São Pedro do Butiá,4319372,-28.124300000000,-54.892600000000,7.786,2007
375,São Pedro do Sul,4319406,-29.620200000000,-54.185499999990,17.415,2007
376,São Sebastião do Caí,4319505,-29.588500000000,-51.374899999990,47.172,2007
377,São Sepé,4319604,-30.164300000000,-53.560299999990,39.152,2007
378,São Valentim,4319703,-27.558299999990,-52.523699999990,3.798,2007
379,São Valentim do Sul,4319711,-29.045100000000,-51.768400000000,1.637,2007
380,São Valério do Sul,4319737,-27.790600000000,-53.936799999990,1.211,2007
381,São Vendelino,4319752,-29.372900000000,-51.367500000000,4.472,2007
382,São Vicente do Sul,4319802,-29.688199999990,-54.682600000000,12.624,2007
383,Sapiranga,4319901,-29.634899999990,-51.006500000000,166.976,2007
384,Sapucaia do Sul,4320008,-29.827600000000,-51.145000000000,513.264,2007
385,Sarandi,4320107,-27.942000000000,-52.923099999990,44.527,2007
386,Seberi,4320206,-27.482900000000,-53.402600000000,9.992,2007
387,Sede Nova,4320230,-27.636700000000,-53.949300000000,3.074,2007
388,Segredo,4320263,-29.352300000000,-52.976700000000,3.438,2007
389,Selbach,4320305,-28.629400000000,-52.949800000000,358,2007
390,Senador Salgado Filho,4320321,-28.025000000000,-54.550699999990,195,2007
391,Sentinela do Sul,4320354,-30.610700000000,-51.586199999990,9.471,2007
392,Serafina Corrêa,4320404,-28.712599999990,-51.935299999990,47.719,2007
393,Sério,4320453,-29.390400000000,-52.268500000000,315,2007
394,Sertão,4320503,-27.979800000000,-52.258800000000,10.512,2007
395,Sertão Santana,4320552,-30.456199999990,-51.601700000000,15.826,2007
396,Sete de Setembro,4320578,-28.136199999990,-54.463700000000,1.665,2007
397,Severiano de Almeida,4320602,-27.436199999990,-52.121699999990,4.629,2007
398,Silveira Martins,4320651,-29.646699999990,-53.591000000000,77,2007
399,Sinimbu,4320677,-29.535699999990,-52.530500000000,8.125,2007
400,Sobradinho,4320701,-29.419400000000,-53.032600000000,18.274,2007
401,Soledade,4320800,-28.830600000000,-52.513100000000,36.909,2007
402,Tabaí,4320859,-29.643000000000,-51.682299999990,233,2007
403,Tapejara,4320909,-28.065200000000,-52.009700000000,63.582,2007
404,Tapera,4321006,-28.627700000000,-52.861199999990,54.419,2007
405,Tapes,4321105,-30.668299999990,-51.399099999990,26.478,2007
406,Taquara,4321204,-29.650500000000,-50.775300000000,78.598,2007
407,Taquari,4321303,-29.794300000000,-51.865299999990,75.940,2007
408,Taquaruçu do Sul,4321329,-27.400400000000,-53.470300000000,2.160,2007
409,Tavares,4321352,-31.284300000000,-51.088000000000,6.978,2007
410,Tenente Portela,4321402,-27.371099999990,-53.758499999990,13.103,2007
411,Terra de Areia,4321436,-29.578199999990,-50.064399999990,11.070,2007
412,Teutônia,4321451,-29.448200000000,-51.804400000000,925,2007
413,Tio Hugo,4321469,-28.574040000000,-52.594900000000,120,2007
414,Tiradentes do Sul,4321477,-27.402200000000,-54.081400000000,5.782,2007
415,Toropi,4321493,-29.478200000000,-54.224400000000,2.719,2007
416,Torres,4321501,-29.333400000000,-49.733300000000,74.243,2007
417,Tramandaí,4321600,-29.984100000000,-50.132199999990,69.029,2007
418,Travesseiro,4321626,-29.297699999990,-52.053199999990,40,2007
419,Três Arroios,4321634,-27.500299999990,-52.144799999990,3.424,2007
420,Três Cachoeiras,4321667,-29.448699999990,-49.927500000000,12.602,2007
421,Três Coroas,4321709,-29.513700000000,-50.773899999990,55.067,2007
422,Três de Maio,4321808,-27.780000000000,-54.235700000000,36.656,2007
423,Três Forquilhas,4321832,-29.538399999990,-50.070799999990,3.017,2007
424,Três Palmeiras,4321857,-27.613900000000,-52.843699999990,4.266,2007
425,Três Passos,4321907,-27.455500000000,-53.929600000000,45.793,2007
426,Trindade do Sul,4321956,-27.523900000000,-52.895600000000,5.291,2007
427,Triunfo,4322004,-29.929099999990,-51.707500000000,71.233,2007
428,Tucunduva,4322103,-27.657299999990,-54.443899999990,7.313,2007
429,Tunas,4322152,-29.103899999990,-52.953800000000,601,2007
430,Tupanci do Sul,4322186,-27.924099999990,-51.538300000000,1.532,2007
431,Tupanciretã,4322202,-29.085799999990,-53.844499999990,32.849,2007
432,Tupandi,4322251,-29.477200000000,-51.417400000000,12.350,2007
433,Tuparendi,4322301,-27.759799999990,-54.481400000000,11.826,2007
434,Turuçu,4322327,-31.417300000000,-52.170600000000,9.158,2007
435,Ubiretama,4322343,-28.040400000000,-54.685899999990,1.329,2007
436,União da Serra,4322350,-28.783300000000,-52.023800000000,1.524,2007
437,Unistalda,4322376,-29.039999999990,-55.151699999990,1.716,2007
438,Uruguaiana,4322400,-29.761399999990,-57.085299999990,239.312,2007
439,Vacaria,4322509,-28.507899999990,-50.941800000000,106.330,2007
440,Vale do Sol,4322533,-29.596699999990,-52.683900000000,10.266,2007
441,Vale Real,4322541,-29.391900000000,-51.255899999990,9.066,2007
442,Vanini,4322558,-28.475800000000,-51.844700000000,1.970,2007
443,Venâncio Aires,4322608,-29.614300000000,-52.193199999990,148.100,2007
444,Vera Cruz,4322707,-29.718399999990,-52.515200000000,33.085,2007
445,Veranópolis,4322806,-28.931200000000,-51.551600000000,64.300,2007
446,Vespasiano Correa,4322855,-29.065500000000,-51.862500000000,3.400,2007
447,Viadutos,4322905,-27.571600000000,-52.021099999990,5.796,2007
448,Viamão,4323002,-30.081900000000,-51.019399999990,249.435,2007
449,Vicente Dutra,4323101,-27.160799999990,-53.402200000000,3.558,2007
450,Victor Graeff,4323200,-28.563199999990,-52.749499999990,1.934,2007
451,Vila Flores,4323309,-28.859800000000,-51.550400000000,11.859,2007
452,Vila Maria,4323408,-28.535900000000,-52.148699999990,6.455,2007
453,Vila Nova do Sul,4323457,-30.346100000000,-53.875999999990,236,2007
454,Vista Alegre,4323507,-27.368600000000,-53.491900000000,2.013,2007
455,Vista Alegre do Prata,4323606,-28.805199999990,-51.794600000000,2.163,2007
456,Vista Gaúcha,4323705,-27.290199999990,-53.697400000000,4.080,2007
457,Vitória das Missões,4323754,-28.351600000000,-54.503999999990,627,2007
458,Xangri-lá,4323804,-29.806500000000,-50.051900000000,35.123,2007
459,Município,ibge,latitude,longitude,/Energia Elétr...a/Consumo/Total 2001 (MWh),2001
460,Água Santa,4300059,-28.167200000000,-52.030999999990,1.337,2001
461,Agudo,4300109,-29.644700000000,-53.251500000000,45.161,2001
462,Ajuricaba,4300208,-28.234200000000,-53.775700000000,4.239,2001
463,Alecrim,4300307,-27.657900000000,-54.764899999990,2.690,2001
464,Alegrete,4300406,-29.790199999990,-55.794899999990,121.213,2001
465,Alegria,4300455,-27.834499999990,-54.055700000000,2.435,2001
466,Alpestre,4300505,-27.250200000000,-53.034100000000,5.396,2001
467,Alto Feliz,4300570,-29.391900000000,-51.312300000000,3.484,2001
468,Alvorada,4300604,-29.991399999990,-51.080900000000,138.625,2001
469,Amaral Ferrador,4300638,-30.875599999990,-52.250999999990,2.311,2001
470,Ametista do Sul,4300646,-27.360700000000,-53.183000000000,10.890,2001
471,André da Rocha,4300661,-28.628299999990,-51.579700000000,1.976,2001
472,Anta Gorda,4300703,-28.969799999990,-52.010199999990,8.639,2001
473,Antônio Prado,4300802,-28.856500000000,-51.288300000000,28.644,2001
474,Arambaré,4300851,-30.909300000000,-51.504600000000,7.094,2001
475,Araricá,4300877,-29.616800000000,-50.929099999990,6.962,2001
476,Aratiba,4300901,-27.397800000000,-52.297499999990,7.312,2001
477,Arroio do Meio,4301008,-29.401399999990,-51.955700000000,56.013,2001
478,Arroio do Padre,4301073,-31.431600000000,-52.417099999990,684,2001
479,Arroio do Sal,4301057,-29.543900000000,-49.889499999990,13.363,2001
480,Arroio do Tigre,4301206,-29.334800000000,-53.096600000000,15.543,2001
481,Arroio dos Ratos,4301107,-30.087500000000,-51.727499999990,13.352,2001
482,Arroio Grande,4301305,-32.232700000000,-53.086199999990,30.198,2001
483,Arvorezinha,4301404,-28.873699999990,-52.178100000000,9.730,2001
484,Augusto Pestana,4301503,-28.517299999990,-53.988300000000,3.618,2001
485,Áurea,4301552,-27.693600000000,-52.050500000000,2.857,2001
486,Bagé,4301602,-31.329699999990,-54.099899999990,119.744,2001
487,Balneário Pinhal,4301636,-30.241900000000,-50.233600000000,14.128,2001
488,Barão,4301651,-29.372500000000,-51.494900000000,686,2001
489,Barão de Cotegipe,4301701,-27.620799999990,-52.379800000000,5.552,2001
490,Barão do Triunfo,4301750,-30.389099999990,-51.738399999990,1.031,2001
491,Barra do Guarita,4301859,-27.192699999990,-53.710900000000,1.826,2001
492,Barra do Quaraí,4301875,-30.202900000000,-57.549700000000,19.227,2001
493,Barra do Ribeiro,4301909,-30.293900000000,-51.301400000000,13.941,2001
494,Barra do Rio Azul,4301925,-27.406800000000,-52.408400000000,2.057,2001
495,Barra Funda,4301958,-27.920500000000,-53.039099999990,4.769,2001
496,Barracão,4301800,-27.673900000000,-51.458599999990,4.013,2001
497,Barros Cassal,4302006,-29.094700000000,-52.583599999990,6.464,2001
498,Benjamin Constant do Sul,4302055,-27.508600000000,-52.599499999990,998,2001
499,Bento Gonçalves,4302105,-29.166200000000,-51.516500000000,255.166,2001
500,Boa Vista das Missões,4302154,-27.667100000000,-53.310200000000,60,2001
501,Boa Vista do Buricá,4302204,-27.669300000000,-54.108199999990,9.312,2001
502,Boa Vista do Cadeado,4302220,-28.571600000000,-53.813800000000,787,2001
503,Boa Vista do Sul,4302253,-29.354399999990,-51.668700000000,2.817,2001
504,Bom Jesus,4302303,-28.669699999990,-50.429499999990,10.593,2001
505,Bom Princípio,4302352,-29.485600000000,-51.354799999990,25.798,2001
506,Bom Progresso,4302378,-27.539899999990,-53.871600000000,2.090,2001
507,Bom Retiro do Sul,4302402,-29.608599999990,-51.946399999990,18.680,2001
508,Boqueirão do Leão,4302451,-29.304600000000,-52.428400000000,610,2001
509,Bossoroca,4302501,-28.729099999990,-54.903500000000,152,2001
510,Braga,4302600,-27.617300000000,-53.740499999990,2.910,2001
511,Brochier,4302659,-29.550100000000,-51.594499999990,5.356,2001
512,Butiá,4302709,-30.117899999990,-51.960099999990,30.202,2001
513,Caçapava do Sul,4302808,-30.514399999990,-53.482700000000,45.872,2001
514,Cacequi,4302907,-29.888300000000,-54.822000000000,13.393,2001
515,Cachoeira do Sul,4303004,-30.033000000000,-52.892800000000,99.716,2001
516,Cachoeirinha,4303103,-29.947199999990,-51.101599999990,209.664,2001
517,Cacique Doble,4303202,-27.766999999990,-51.659700000000,2.989,2001
518,Caiçara,4303400,-27.279100000000,-53.425699999990,3.695,2001
519,Camaquã,4303509,-30.848900000000,-51.804299999990,111.764,2001
520,Camargo,4303558,-28.588000000000,-52.200299999990,2.374,2001
521,Cambará do Sul,4303608,-29.047400000000,-50.146500000000,13.893,2001
522,Campestre da Serra,4303673,-28.792600000000,-51.094099999990,3.357,2001
523,Campina das Missões,4303707,-27.988800000000,-54.841700000000,2.839,2001
524,Campinas do Sul,4303806,-27.717400000000,-52.624800000000,5.946,2001
525,Campo Bom,4303905,-29.674700000000,-51.060600000000,159.810,2001
526,Campo Novo,4304002,-27.679200000000,-53.805199999990,7.382,2001
527,Candelária,4304200,-29.668399999990,-52.789499999990,35.544,2001
528,Cândido Godói,4304309,-27.951499999990,-54.751700000000,9.929,2001
529,Candiota,4304358,-31.551500000000,-53.677300000000,67.141,2001
530,Canela,4304408,-29.356000000000,-50.811900000000,70.366,2001
531,Canguçu,4304507,-31.396000000000,-52.678199999990,26.633,2001
532,Canoas,4304606,-29.912800000000,-51.185699999990,554.209,2001
533,Capão Bonito do Sul,4304622,-29.764199999990,-50.028199999990,797,2001
534,Capão da Canoa,4304630,-29.639700000000,-49.959899999990,61.054,2001
535,Capão do Leão,4304663,-31.756499999990,-52.488900000000,37.367,2001
536,Capela de Santana,4304689,-29.696100000000,-51.328000000000,16.015,2001
537,Capivari do Sul,4304671,-30.138200000000,-50.515099999990,11.835,2001
538,Caraá,4304713,-29.786899999990,-50.431600000000,4.315,2001
539,Carazinho,4304705,-28.295800000000,-52.793300000000,131.586,2001
540,Carlos Barbosa,4304804,-29.296900000000,-51.502899999990,99.195,2001
541,Carlos Gomes,4304853,-27.716699999990,-51.912100000000,1.033,2001
542,Casca,4304903,-28.560500000000,-51.981499999990,17.004,2001
543,Caseiros,4304952,-28.258199999990,-51.686100000000,2.261,2001
544,Catuípe,4305009,-28.255400000000,-54.013199999990,9.042,2001
545,Caxias do Sul,4305108,-29.162900000000,-51.179200000000,962.975,2001
546,Centenário,4305116,-27.761600000000,-51.998399999990,1.748,2001
547,Cerrito,4305124,-31.841899999990,-52.800400000000,4.553,2001
548,Cerro Branco,4305132,-29.657000000000,-52.940600000000,50,2001
549,Cerro Grande,4305157,-27.610600000000,-53.167200000000,60,2001
550,Cerro Grande do Sul,4305173,-30.590499999990,-51.741799999990,4.588,2001
551,Cerro Largo,4305207,-28.146200000000,-54.742800000000,26.959,2001
552,Charqueadas,4305355,-29.962500000000,-51.628900000000,297.742,2001
553,Charrua,4305371,-27.949300000000,-52.015000000000,818,2001
554,Chiapetta,4305405,-27.922999999990,-53.941899999990,3.728,2001
555,Chuí,4305439,-33.686599999990,-53.459400000000,9.626,2001
556,Chuvisca,4305447,-30.750399999990,-51.973700000000,2.291,2001
557,Cidreira,4305454,-30.160399999990,-50.233800000000,23.800,2001
558,Ciríaco,4305504,-28.341899999990,-51.874099999990,7.172,2001
559,Colinas,4305587,-29.381499999990,-51.852600000000,3.931,2001
560,Constantina,4305801,-27.731999999990,-52.993800000000,10.110,2001
561,Coronel Bicaco,4305900,-27.719700000000,-53.702199999990,6.418,2001
562,Coronel Pilar,4305934,-29.268400000000,-51.687899999990,1.793,2001
563,Cotiporã,4305959,-28.989100000000,-51.697099999990,5.233,2001
564,Coxilha,4305975,-28.128000000000,-52.302300000000,2.867,2001
565,Crissiumal,4306007,-27.499900000000,-54.099400000000,16.054,2001
566,Cristal,4306056,-31.004600000000,-52.043599999990,8.330,2001
567,Cruz Alta,4306106,-28.645000000000,-53.604799999990,86.345,2001
568,Cruzaltense,4306130,-27.664400000000,-52.649200000000,3.141,2001
569,Cruzeiro do Sul,4306205,-29.514800000000,-51.992800000000,18.295,2001
570,David Canabarro,4306304,-28.384899999990,-51.848199999990,2.114,2001
571,Derrubadas,4306320,-27.264199999990,-53.864500000000,2.502,2001
572,Dezesseis de Novembro,4306353,-28.219000000000,-55.061700000000,2.339,2001
573,Dilermando de Aguiar,4306379,-29.705400000000,-54.212200000000,2.496,2001
574,Dois Irmãos,4306403,-29.583600000000,-51.089799999990,47.371,2001
575,Dois Irmãos das Missões,4306429,-27.662099999990,-53.530400000000,10.503,2001
576,Dois Lajeados,4306452,-28.983000000000,-51.839599999990,3.443,2001
577,Dom Feliciano,4306502,-30.700399999990,-52.102600000000,5.704,2001
578,Dom Pedrito,4306601,-30.975600000000,-54.669400000000,54.803,2001
579,Dom Pedro de Alcântara,4306551,-29.363900000000,-49.853000000000,2.779,2001
580,Doutor Maurício Cardoso,4306734,-27.510300000000,-54.357799999990,5.801,2001
581,Doutor Ricardo,4306759,-29.084000000000,-51.997100000000,2.303,2001
582,Eldorado do Sul,4306767,-30.084700000000,-51.618699999990,80.107,2001
583,Encantado,4306809,-29.235099999990,-51.870300000000,50.289,2001
584,Encruzilhada do Sul,4306908,-30.542999999990,-52.520400000000,16.763,2001
585,Engenho Velho,4306924,-27.706000000000,-52.914499999990,1.662,2001
586,Entre Rios do Sul,4306957,-27.529800000000,-52.734699999990,2.510,2001
587,Entre-ijuís,4306932,-28.368600000000,-54.268599999990,6.276,2001
588,Erebango,4306973,-27.854399999990,-52.300500000000,2.676,2001
589,Erechim,4307005,-27.636399999990,-52.269700000000,166.972,2001
590,Ernestina,4307054,-28.497699999990,-52.583599999990,7.130,2001
591,Erval Grande,4307203,-27.392600000000,-52.573999999990,3.800,2001
592,Erval Seco,4307302,-27.544300000000,-53.500500000000,5.095,2001
593,Esmeralda,4307401,-28.051800000000,-51.193300000000,2.622,2001
594,Esperança do Sul,4307450,-27.360299999990,-53.989100000000,2.443,2001
595,Espumoso,4307500,-28.728600000000,-52.846100000000,21.671,2001
596,Estação,4307559,-27.913499999990,-52.263500000000,14.362,2001
597,Estância Velha,4307609,-29.653500000000,-51.184300000000,102.872,2001
598,Esteio,4307708,-29.852000000000,-51.184100000000,291.422,2001
599,Estrela,4307807,-29.501600000000,-51.960500000000,69.630,2001
600,Estrela Velha,4307815,-29.171299999990,-53.163899999990,21,2001
601,Eugênio de Castro,4307831,-28.531500000000,-54.150599999990,2.849,2001
602,Fagundes Varela,4307864,-28.879400000000,-51.701400000000,4.122,2001
603,Farroupilha,4307906,-29.222700000000,-51.341900000000,138.053,2001
604,Faxinal do Soturno,4308003,-29.578800000000,-53.448399999990,28.467,2001
605,Faxinalzinho,4308052,-27.423800000000,-52.678899999990,1.904,2001
606,Fazenda Vilanova,4308078,-29.588500000000,-51.821700000000,3.266,2001
607,Feliz,4308102,-29.452700000000,-51.303199999990,19.763,2001
608,Flores da Cunha,4308201,-29.026199999990,-51.187500000000,64.472,2001
609,Formigueiro,4308409,-30.003499999990,-53.495899999990,6.957,2001
610,Fortaleza dos Valos,4308458,-28.798600000000,-53.224899999990,2.948,2001
611,Frederico Westphalen,4308508,-27.358599999990,-53.395800000000,36.117,2001
612,Garibaldi,4308607,-29.259000000000,-51.535200000000,87.692,2001
613,Garruchos,4308656,-28.194400000000,-55.638300000000,3.337,2001
614,Gaurama,4308706,-27.585599999990,-52.091500000000,8.057,2001
615,General Câmara,4308805,-29.903199999990,-51.761200000000,6.466,2001
616,Gentil,4308854,-28.431600000000,-52.033700000000,602,2001
617,Getúlio Vargas,4308904,-27.891100000000,-52.229399999990,21.947,2001
618,Giruá,4309001,-28.029699999990,-54.351700000000,21.550,2001
619,Glorinha,4309050,-29.879799999990,-50.773400000000,7.972,2001
620,Gramado,4309100,-29.373300000000,-50.876199999990,60.294,2001
621,Gramado dos Loureiros,4309126,-27.442900000000,-52.914900000000,627,2001
622,Gramado Xavier,4309159,-29.270600000000,-52.579500000000,729,2001
623,Gravataí,4309209,-29.941299999990,-50.986899999990,603.476,2001
624,Guabiju,4309258,-28.542100000000,-51.694800000000,1.697,2001
625,Guaíba,4309308,-30.108599999990,-51.323300000000,238.550,2001
626,Guaporé,4309407,-28.839900000000,-51.889499999990,33.282,2001
627,Guarani das Missões,4309506,-28.149100000000,-54.562899999990,11.902,2001
628,Harmonia,4309555,-29.545600000000,-51.418500000000,6.453,2001
629,Herval,4307104,-32.024000000000,-53.394399999990,5.448,2001
630,Herveiras,4309571,-29.455200000000,-52.655299999990,1.393,2001
631,Horizontina,4309605,-27.628200000000,-54.305300000000,44.552,2001
632,Hulha Negra,4309654,-31.406700000000,-53.866700000000,18.858,2001
633,Humaitá,4309704,-27.569099999990,-53.969499999990,6.001,2001
634,Ibarama,4309753,-29.420300000000,-53.129500000000,3.087,2001
635,Ibiraiaras,4309902,-28.374099999990,-51.637700000000,7.101,2001
636,Ibirapuitã,4309951,-28.624700000000,-52.515799999990,3.778,2001
637,Ibirubá,4310009,-28.630199999990,-53.096100000000,36.149,2001
638,Igrejinha,4310108,-29.569299999990,-50.791899999990,44.169,2001
639,Ijuí,4310207,-28.388100000000,-53.920000000000,121.644,2001
640,Ilópolis,4310306,-28.928200000000,-52.125799999990,3.886,2001
641,Imbé,4310330,-29.975300000000,-50.128100000000,33.645,2001
642,Imigrante,4310363,-29.350800000000,-51.774700000000,6.647,2001
643,Independência,4310405,-27.835400000000,-54.188600000000,3.557,2001
644,Inhacorá,4310413,-27.875200000000,-54.015000000000,2.137,2001
645,Ipê,4310439,-28.817100000000,-51.285899999990,5.254,2001
646,Ipiranga do Sul,4310462,-27.940400000000,-52.427100000000,1.964,2001
647,Iraí,4310504,-27.195100000000,-53.254300000000,5.973,2001
648,Itaara,4310538,-29.601299999990,-53.772500000000,6.070,2001
649,Itacurubi,4310553,-28.791300000000,-55.244700000000,3.142,2001
650,Itapuca,4310579,-28.776800000000,-52.169300000000,96,2001
651,Itaqui,4310603,-29.131000000000,-56.551499999990,110.703,2001
652,Itati,4310652,-29.488320000000,-50.113579999990,2.449,2001
653,Itatiba do Sul,4310702,-27.384599999990,-52.453800000000,3.238,2001
654,Ivorá,4310751,-29.523199999990,-53.584200000000,586,2001
655,Ivoti,4310801,-29.599499999990,-51.153300000000,39.966,2001
656,Jacutinga,4310900,-27.729099999990,-52.537199999990,4.464,2001
657,Jaguarão,4311007,-32.560400000000,-53.377000000000,35.636,2001
658,Jaguari,4311106,-29.493600000000,-54.703000000000,12.142,2001
659,Jaquirana,4311122,-28.881100000000,-50.363700000000,4.420,2001
660,Jari,4311130,-29.292200000000,-54.223700000000,531,2001
661,Jóia,4311155,-28.643500000000,-54.114100000000,5.533,2001
662,Júlio de Castilhos,4311205,-29.229800000000,-53.677199999990,20.319,2001
663,Lagoa dos Três Cantos,4311270,-28.567599999990,-52.861800000000,965,2001
664,Lagoa Vermelha,4311304,-28.209299999990,-51.524799999990,32.793,2001
665,Lagoão,4311254,-29.234800000000,-52.799700000000,409,2001
666,Lajeado,4311403,-29.459099999990,-51.964399999990,361.312,2001
667,Lajeado do Bugre,4311429,-27.691299999990,-53.181800000000,305,2001
668,Lavras do Sul,4311502,-30.807099999990,-53.893099999990,5.792,2001
669,Liberato Salzano,4311601,-27.600999999990,-53.075299999990,3.775,2001
670,Lindolfo Collor,4311627,-29.585899999990,-51.214100000000,10.902,2001
671,Linha Nova,4311643,-29.467900000000,-51.200299999990,1.337,2001
672,Maçambará,4311718,-29.144500000000,-56.067399999990,7.536,2001
673,Machadinho,4311700,-27.566700000000,-51.666800000000,4.152,2001
674,Mampituba,4311734,-29.213600000000,-49.931100000000,1.661,2001
675,Manoel Viana,4311759,-29.585899999990,-55.484099999990,5.416,2001
676,Maquiné,4311775,-29.679800000000,-50.207900000000,5.958,2001
677,Maratá,4311791,-29.545700000000,-51.557299999990,2.825,2001
678,Marau,4311809,-28.449800000000,-52.198599999990,114.362,2001
679,Marcelino Ramos,4311908,-27.467600000000,-51.909500000000,6.758,2001
680,Mariana Pimentel,4311981,-30.353100000000,-51.580300000000,2.503,2001
681,Mariano Moro,4312005,-27.356800000000,-52.146700000000,2.508,2001
682,Mata,4312104,-29.564900000000,-54.464100000000,4.930,2001
683,Mato Leitão,4312153,-29.528500000000,-52.127800000000,5.977,2001
684,Maximiliano de Almeida,4312203,-27.632500000000,-51.802100000000,23.883,2001
685,Minas do Leão,4312252,-30.134599999990,-52.042299999990,7.811,2001
686,Miraguaí,4312302,-27.497000000000,-53.689100000000,3.677,2001
687,Montauri,4312351,-28.646200000000,-52.076700000000,1.219,2001
688,Monte Alegre dos Campos,4312377,-28.680499999990,-50.783400000000,1.529,2001
689,Monte Belo do Sul,4312385,-29.160699999990,-51.633299999990,2.844,2001
690,Montenegro,4312401,-29.682400000000,-51.467900000000,128.041,2001
691,Mormaço,4312427,-28.696800000000,-52.699900000000,1.383,2001
692,Morrinhos do Sul,4312443,-29.357800000000,-49.932800000000,2.947,2001
693,Morro Redondo,4312450,-31.588699999990,-52.626100000000,7.361,2001
694,Morro Reuter,4312476,-29.537900000000,-51.081099999990,10.345,2001
695,Mostardas,4312500,-31.105399999990,-50.916699999990,22.310,2001
696,Muçum,4312609,-29.163000000000,-51.871400000000,9.122,2001
697,Muitos Capões,4312617,-28.313199999990,-51.183599999990,3.040,2001
698,Muliterno,4312625,-28.325299999990,-51.769700000000,158,2001
699,Não-Me-Toque,4312658,-28.454799999990,-52.818199999990,23.976,2001
700,Nonoai,4312708,-27.368900000000,-52.775599999990,11.465,2001
701,Nova Alvorada,4312757,-28.682200000000,-52.163100000000,3.313,2001
702,Nova Araçá,4312807,-28.653700000000,-51.745800000000,9.566,2001
703,Nova Bassano,4312906,-28.729099999990,-51.707200000000,24.917,2001
704,Nova Boa Vista,4312955,-27.992599999990,-52.978400000000,2.413,2001
705,Nova Bréscia,4313003,-29.218200000000,-52.031900000000,6.222,2001
706,Nova Candelária,4313011,-27.613700000000,-54.107399999990,3.665,2001
707,Nova Esperança do Sul,4313037,-29.406600000000,-54.829300000000,10.674,2001
708,Nova Hartz,4313060,-29.580700000000,-50.905099999990,22.564,2001
709,Nova Pádua,4313086,-29.027500000000,-51.309800000000,3.321,2001
710,Nova Petrópolis,4313201,-29.374099999990,-51.113500000000,34.212,2001
711,Nova Prata,4313300,-28.779900000000,-51.611300000000,78.125,2001
712,Nova Roma do Sul,4313359,-28.988199999990,-51.409500000000,4.172,2001
713,Nova Santa Rita,4313375,-29.852499999990,-51.283700000000,66.465,2001
714,Novo Barreiro,4313490,-27.907699999990,-53.110300000000,2.468,2001
715,Novo Cabrais,4313391,-29.733799999990,-52.948900000000,366,2001
716,Novo Hamburgo,4313409,-29.687600000000,-51.132800000000,524.642,2001
717,Novo Machado,4313425,-27.576499999990,-54.503599999990,4.579,2001
718,Novo Xingu,4313466,-27.743099999990,-53.061599999990,615,2001
719,Osório,4313508,-29.888100000000,-50.266700000000,72.924,2001
720,Paim Filho,4313607,-27.707500000000,-51.762999999990,4.372,2001
721,Palmares do Sul,4313656,-30.253499999990,-50.510300000000,27.676,2001
722,Palmeira das Missões,4313706,-27.900600000000,-53.313400000000,40.231,2001
723,Palmitinho,4313805,-27.359600000000,-53.558000000000,6.040,2001
724,Panambi,4313904,-28.283300000000,-53.502299999990,61.298,2001
725,Pantano Grande,4313953,-30.190100000000,-52.372900000000,16.257,2001
726,Paraí,4314001,-28.596399999990,-51.789600000000,13.837,2001
727,Paraíso do Sul,4314027,-29.671700000000,-53.143999999990,8.661,2001
728,Pareci Novo,4314035,-29.636500000000,-51.397399999990,4.086,2001
729,Parobé,4314050,-29.624300000000,-50.831200000000,86.144,2001
730,Passa Sete,4314068,-29.457699999990,-52.959899999990,2.442,2001
731,Passo do Sobrado,4314076,-29.748000000000,-52.274799999990,7.664,2001
732,Passo Fundo,4314100,-28.257600000000,-52.409100000000,299.487,2001
733,Paulo Bento,4314134,-27.697800000000,-52.426099999990,6.572,2001
734,Paverama,4314159,-29.548500000000,-51.733899999990,4.784,2001
735,Pedras Altas,4314175,-31.721699999990,-53.583799999990,43,2001
736,Pedro Osório,4314209,-31.864200000000,-52.818399999990,6.385,2001
737,Pejuçara,4314308,-28.428300000000,-53.657899999990,3.960,2001
738,Pelotas,4314407,-31.764900000000,-52.337100000000,410.744,2001
739,Picada Café,4314423,-29.446400000000,-51.136699999990,10.762,2001
740,Pinhal da Serra,4314464,-27.863399999990,-51.170200000000,880,2001
741,Pinhal Grande,4314472,-29.344999999990,-53.320700000000,3.239,2001
742,Pinheirinho do Vale,4314498,-27.210899999990,-53.607999999990,2.768,2001
743,Pinheiro Machado,4314506,-31.579400000000,-53.379800000000,39.033,2001
744,Pirapó,4314555,-28.043900000000,-55.200099999990,2.036,2001
745,Piratini,4314605,-31.447299999990,-53.097299999990,12.161,2001
746,Planalto,4314704,-27.329699999990,-53.057500000000,9.893,2001
747,Ponte Preta,4314787,-27.658700000000,-52.484800000000,1.774,2001
748,Portão,4314803,-29.701499999990,-51.242899999990,58.329,2001
749,Porto Alegre,4314902,-30.032778000000,-51.230000000000,2.889.072,2001
750,Porto Lucena,4315008,-27.856900000000,-55.009999999990,3.203,2001
751,Porto Mauá,4315057,-27.579599999990,-54.665700000000,2.420,2001
752,Porto Vera Cruz,4315073,-27.740500000000,-54.899400000000,932,2001
753,Porto Xavier,4315107,-27.908200000000,-55.137900000000,10.102,2001
754,Presidente Lucena,4315149,-29.517600000000,-51.179800000000,4.115,2001
755,Protásio Alves,4315172,-28.757200000000,-51.475700000000,2.587,2001
756,Putinga,4315206,-29.004500000000,-52.156900000000,4.159,2001
757,Quaraí,4315305,-30.384000000000,-56.448300000000,28.320,2001
758,Quatro Irmãos,4315313,-27.816299999990,-52.441899999990,1.586,2001
759,Quevedos,4315321,-29.350400000000,-54.078899999990,1.352,2001
760,Quinze de Novembro,4315354,-28.746500000000,-53.101100000000,2.081,2001
761,Redentora,4315404,-27.664000000000,-53.640700000000,4.694,2001
762,Relvado,4315453,-29.116399999990,-52.077800000000,2.118,2001
763,Restinga Sêca,4315503,-29.818800000000,-53.380699999990,2.076,2001
764,Rio dos Índios,4315552,-27.297300000000,-52.841700000000,1.866,2001
765,Rio Grande,4315602,-32.034900000000,-52.107100000000,361.760,2001
766,Rio Pardo,4315701,-29.988000000000,-52.371099999990,42.331,2001
767,Riozinho,4315750,-29.638999999990,-50.448799999990,6.213,2001
768,Roca Sales,4315800,-29.288399999990,-51.865800000000,21.249,2001
769,Rolador,4315958,-28.257670000000,-54.818640000000,370,2001
770,Rolante,4316006,-29.646200000000,-50.581899999990,22.294,2001
771,Ronda Alta,4316105,-27.775800000000,-52.805599999990,6.865,2001
772,Rondinha,4316204,-27.831499999990,-52.908099999990,5.515,2001
773,Roque Gonzales,4316303,-28.129700000000,-55.026600000000,4.752,2001
774,Rosário do Sul,4316402,-30.251500000000,-54.922100000000,38.316,2001
775,Sagrada Família,4316428,-27.708500000000,-53.135100000000,1.175,2001
776,Saldanha Marinho,4316436,-28.394100000000,-53.097000000000,2.163,2001
777,Salto do Jacuí,4316451,-29.095099999990,-53.213299999990,11.370,2001
778,Salvador das Missões,4316477,-28.123300000000,-54.837299999990,2.419,2001
779,Salvador do Sul,4316501,-29.438600000000,-51.507700000000,1.671,2001
780,Sananduva,4316600,-27.946999999990,-51.807899999990,21.942,2001
781,Santa Bárbara do Sul,4316709,-28.365300000000,-53.250999999990,11.433,2001
782,Santa Clara do Sul,4316758,-29.474699999990,-52.084299999990,154,2001
783,Santa Cruz do Sul,4316808,-29.722000000000,-52.434300000000,274.490,2001
784,Santa Maria,4316907,-29.686800000000,-53.814999999990,336.485,2001
785,Santa Maria do Herval,4316956,-29.490200000000,-50.991900000000,8.529,2001
786,Santa Rosa,4317202,-27.870200000000,-54.479599999990,125.627,2001
787,Santa Tereza,4317251,-29.165500000000,-51.735100000000,3.336,2001
788,Santa Vitória do Palmar,4317301,-33.524999999990,-53.371699999990,58.607,2001
789,Santana da Boa Vista,4317004,-30.869700000000,-53.109999999990,3.427,2001
790,Santana do Livramento,4317103,-30.887699999990,-55.531500000000,94.514,2001
791,Santiago,4317400,-29.189699999990,-54.866599999990,48.630,2001
792,Santo Ângelo,4317509,-28.300100000000,-54.266800000000,108.395,2001
793,Santo Antônio da Patrulha,4317608,-29.826799999990,-50.517499999990,46.820,2001
794,Santo Antônio das Missões,4317707,-28.513999999990,-55.225099999990,2.262,2001
795,Santo Antônio do Palma,4317558,-28.495600000000,-52.026699999990,2.074,2001
796,Santo Augusto,4317806,-27.852599999990,-53.777600000000,20.145,2001
797,Santo Cristo,4317905,-27.826300000000,-54.661999999990,24.927,2001
798,Santo Expedito do Sul,4317954,-27.907399999990,-51.643300000000,986,2001
799,São Borja,4318002,-28.657800000000,-56.003599999990,109.798,2001
800,São Domingos do Sul,4318051,-28.531199999990,-51.886000000000,1.691,2001
801,São Francisco de Assis,4318101,-29.554700000000,-55.125300000000,14.950,2001
802,São Francisco de Paula,4318200,-29.440400000000,-50.582799999990,23.450,2001
803,São Gabriel,4318309,-30.333700000000,-54.321700000000,58.657,2001
804,São Jerônimo,4318408,-29.971599999990,-51.725099999990,18.904,2001
805,São João da Urtiga,4318424,-27.819500000000,-51.825699999990,3.165,2001
806,São João do Polêsine,4318432,-29.619399999990,-53.443899999990,36,2001
807,São Jorge,4318440,-28.498400000000,-51.706400000000,3.816,2001
808,São José das Missões,4318457,-27.778900000000,-53.122599999990,1.684,2001
809,São José do Hortêncio,4318481,-29.527999999990,-51.245000000000,8.179,2001
810,São José do Inhacorá,4318499,-27.725100000000,-54.127499999990,2.010,2001
811,São José do Norte,4318507,-32.015099999990,-52.033099999990,11.659,2001
812,São José do Ouro,4318606,-27.770700000000,-51.596600000000,8.141,2001
813,São José dos Ausentes,4318622,-28.747599999990,-50.067700000000,2.738,2001
814,São Leopoldo,4318705,-29.754500000000,-51.149799999990,409.960,2001
815,São Lourenço do Sul,4318804,-31.356400000000,-51.971499999990,40.995,2001
816,São Luiz Gonzaga,4318903,-28.411999999990,-54.955900000000,53.512,2001
817,São Marcos,4319000,-28.967700000000,-51.069600000000,36.733,2001
818,São Martinho,4319109,-27.711200000000,-53.969900000000,6.454,2001
819,São Martinho da Serra,4319125,-29.539700000000,-53.859000000000,2.474,2001
820,São Miguel das Missões,4319158,-28.556000000000,-54.555900000000,229,2001
821,São Nicolau,4319208,-28.183399999990,-55.265400000000,3.648,2001
822,São Paulo das Missões,4319307,-28.019500000000,-54.940399999990,4.630,2001
823,São Pedro das Missões,4319364,-27.773219999990,-53.250470000000,359,2001
824,São Pedro do Butiá,4319372,-28.124300000000,-54.892600000000,6.006,2001
825,São Pedro do Sul,4319406,-29.620200000000,-54.185499999990,15.324,2001
826,São Sebastião do Caí,4319505,-29.588500000000,-51.374899999990,34.432,2001
827,São Sepé,4319604,-30.164300000000,-53.560299999990,33.589,2001
828,São Valentim,4319703,-27.558299999990,-52.523699999990,3.454,2001
829,São Valentim do Sul,4319711,-29.045100000000,-51.768400000000,3.060,2001
830,São Valério do Sul,4319737,-27.790600000000,-53.936799999990,1.104,2001
831,São Vendelino,4319752,-29.372900000000,-51.367500000000,2.731,2001
832,São Vicente do Sul,4319802,-29.688199999990,-54.682600000000,10.349,2001
833,Sapiranga,4319901,-29.634899999990,-51.006500000000,129.597,2001
834,Sapucaia do Sul,4320008,-29.827600000000,-51.145000000000,546.695,2001
835,Sarandi,4320107,-27.942000000000,-52.923099999990,30.631,2001
836,Seberi,4320206,-27.482900000000,-53.402600000000,8.245,2001
837,Sede Nova,4320230,-27.636700000000,-53.949300000000,2.895,2001
838,Segredo,4320263,-29.352300000000,-52.976700000000,2.799,2001
839,Selbach,4320305,-28.629400000000,-52.949800000000,351,2001
840,Senador Salgado Filho,4320321,-28.025000000000,-54.550699999990,176,2001
841,Sentinela do Sul,4320354,-30.610700000000,-51.586199999990,10.724,2001
842,Serafina Corrêa,4320404,-28.712599999990,-51.935299999990,30.610,2001
843,Sério,4320453,-29.390400000000,-52.268500000000,246,2001
844,Sertão,4320503,-27.979800000000,-52.258800000000,9.824,2001
845,Sertão Santana,4320552,-30.456199999990,-51.601700000000,10.759,2001
846,Sete de Setembro,4320578,-28.136199999990,-54.463700000000,1.371,2001
847,Severiano de Almeida,4320602,-27.436199999990,-52.121699999990,4.103,2001
848,Sinimbu,4320677,-29.535699999990,-52.530500000000,6.579,2001
849,Sobradinho,4320701,-29.419400000000,-53.032600000000,16.089,2001
850,Soledade,4320800,-28.830600000000,-52.513100000000,33.630,2001
851,Tabaí,4320859,-29.643000000000,-51.682299999990,205,2001
852,Tapejara,4320909,-28.065200000000,-52.009700000000,35.477,2001
853,Tapera,4321006,-28.627700000000,-52.861199999990,27.746,2001
854,Tapes,4321105,-30.668299999990,-51.399099999990,24.147,2001
855,Taquara,4321204,-29.650500000000,-50.775300000000,74.589,2001
856,Taquari,4321303,-29.794300000000,-51.865299999990,94.147,2001
857,Taquaruçu do Sul,4321329,-27.400400000000,-53.470300000000,1.857,2001
858,Tavares,4321352,-31.284300000000,-51.088000000000,4.624,2001
859,Tenente Portela,4321402,-27.371099999990,-53.758499999990,13.153,2001
860,Terra de Areia,4321436,-29.578199999990,-50.064399999990,8.825,2001
861,Teutônia,4321451,-29.448200000000,-51.804400000000,639,2001
862,Tiradentes do Sul,4321477,-27.402200000000,-54.081400000000,5.143,2001
863,Toropi,4321493,-29.478200000000,-54.224400000000,2.370,2001
864,Torres,4321501,-29.333400000000,-49.733300000000,61.447,2001
865,Tramandaí,4321600,-29.984100000000,-50.132199999990,54.466,2001
866,Travesseiro,4321626,-29.297699999990,-52.053199999990,45,2001
867,Três Arroios,4321634,-27.500299999990,-52.144799999990,2.794,2001
868,Três Cachoeiras,4321667,-29.448699999990,-49.927500000000,10.015,2001
869,Três Coroas,4321709,-29.513700000000,-50.773899999990,38.916,2001
870,Três de Maio,4321808,-27.780000000000,-54.235700000000,30.878,2001
871,Três Forquilhas,4321832,-29.538399999990,-50.070799999990,2.452,2001
872,Três Palmeiras,4321857,-27.613900000000,-52.843699999990,3.509,2001
873,Três Passos,4321907,-27.455500000000,-53.929600000000,45.941,2001
874,Trindade do Sul,4321956,-27.523900000000,-52.895600000000,3.748,2001
875,Triunfo,4322004,-29.929099999990,-51.707500000000,1.140.942,2001
876,Tucunduva,4322103,-27.657299999990,-54.443899999990,6.977,2001
877,Tunas,4322152,-29.103899999990,-52.953800000000,354,2001
878,Tupanci do Sul,4322186,-27.924099999990,-51.538300000000,1.206,2001
879,Tupanciretã,4322202,-29.085799999990,-53.844499999990,26.353,2001
880,Tupandi,4322251,-29.477200000000,-51.417400000000,4.943,2001
881,Tuparendi,4322301,-27.759799999990,-54.481400000000,10.992,2001
882,Turuçu,4322327,-31.417300000000,-52.170600000000,8.042,2001
883,Ubiretama,4322343,-28.040400000000,-54.685899999990,1.109,2001
884,União da Serra,4322350,-28.783300000000,-52.023800000000,1.131,2001
885,Unistalda,4322376,-29.039999999990,-55.151699999990,1.283,2001
886,Uruguaiana,4322400,-29.761399999990,-57.085299999990,205.726,2001
887,Vacaria,4322509,-28.507899999990,-50.941800000000,80.555,2001
888,Vale do Sol,4322533,-29.596699999990,-52.683900000000,7.616,2001
889,Vale Real,4322541,-29.391900000000,-51.255899999990,6.829,2001
890,Vanini,4322558,-28.475800000000,-51.844700000000,1.374,2001
891,Venâncio Aires,4322608,-29.614300000000,-52.193199999990,133.784,2001
892,Vera Cruz,4322707,-29.718399999990,-52.515200000000,27.045,2001
893,Veranópolis,4322806,-28.931200000000,-51.551600000000,50.508,2001
894,Vespasiano Correa,4322855,-29.065500000000,-51.862500000000,2.421,2001
895,Viadutos,4322905,-27.571600000000,-52.021099999990,4.966,2001
896,Viamão,4323002,-30.081900000000,-51.019399999990,198.453,2001
897,Vicente Dutra,4323101,-27.160799999990,-53.402200000000,3.129,2001
898,Victor Graeff,4323200,-28.563199999990,-52.749499999990,2.531,2001
899,Vila Flores,4323309,-28.859800000000,-51.550400000000,8.014,2001
900,Vila Maria,4323408,-28.535900000000,-52.148699999990,4.650,2001
901,Vila Nova do Sul,4323457,-30.346100000000,-53.875999999990,221,2001
902,Vista Alegre,4323507,-27.368600000000,-53.491900000000,1.490,2001
903,Vista Alegre do Prata,4323606,-28.805199999990,-51.794600000000,1.643,2001
904,Vista Gaúcha,4323705,-27.290199999990,-53.697400000000,3.138,2001
905,Vitória das Missões,4323754,-28.351600000000,-54.503999999990,466,2001
906,Xangri-lá,4323804,-29.806500000000,-50.051900000000,25.621,2001
